83
40
26
1
13
62
39
79
13
7
271
11
167
182
8
51
104
7
44
85
32
1
46
191
11
0
195
66
2
83
41
39
10
5
32
8
2
0
14
104
0
52
228
0
5
40
27
28
0
137
0
42
196
6
90
2
13
0
6
5
0
16
87
29
95
31
9
0
1
27
10
54
5
162
12
3
31
24
7
168
43
2
29
75
0
9
18
79
194
1
6
24
78
235
5
45
11
0
7
3
11
0
4
30
0
1
146
76
122
7
71
5
1
9
71
0
5
33
2
6
40
11
3
57
158
0
0
14
5
41
39
2
11
0
0
0
0
138
0
33
105
59
0
8
81
12
85
27
116
48
341
32
0
7
17
43
278
111
63
18
45
34
5
58
4
127
7
4
22
113
172
3
18
0
0
15
41
17
7
14
0
5
118
29
0
21
13
58
19
82
3
130
273
281
4
20
47
7
50
42
6
42
20
26
82
95
104
7
3
7
37
132
1
26
43
54
108
22
2
24
3
8
94
15
169
136
64
13
146
0
2
0
17
22
77
2
0
28
0
0
0
9
2
131
48
143
86
32
0
44
109
343
0
23
55
80
6
15
0
8
181
0
0
9
266
11
41
0
13
140
3
10
6
4
111
3
70
29
10
17
127
78
188
0
13
42
59
4
15
69
0
0
0
4
318
45
28
12
83
0
8
23
73
80
0
0
0
0
1
6
7
0
3
5
0
18
0
23
79
36
3
413
122
311
127
26
0
0
1
0
11
162
65
207
3
0
43
23
74
0
279
91
26
0
63
17
2
38
39
10
86
0
26
0
89
31
84
44
78
3
126
0
10
18
161
0
154
24
8
5
0
1
3
0
99
5
0
0
6
11
100
0
11
5
18
232
1
7
29
92
0
19
0
162
4
39
14
0
51
17
178
1
17
3
18
4
168
50
145
26
13
3
1
3
0
71
74
11
0
36
52
53
51
0
10
0
209
55
1
2
0
29
69
14
19
20
7
11
0
11
4
42
158
0
9
162
142
6
0
11
3
21
41
17
3
0
5
0
115
1
4
37
16
21
6
0
11
93
5
0
11
1
60
83
24
4
1
6
1
0
15
34
93
80
8
32
7
77
6
30
83
0
0
0
34
132
8
0
9
88
12
3
0
100
18
1
78
0
87
0
47
0
4
41
82
3
0
160
56
187
0
11
246
29
5
148
54
1
0
14
0
3
174
4
8
80
178
18
9
55
153
6
0
9
0
12
0
62
96
104
19
41
1
15
180
11
241
31
0
0
0
42
60
27
3
78
26
45
53
9
8
57
1
11
0
0
0
0
0
45
0
0
253
63
6
24
32
9
6
0
52
130
19
0
31
2
45
0
16
0
0
3
0
0
2
14
18
15
60
200
0
262
7
18
30
158
0
0
187
9
18
349
21
179
104
3
40
38
7
30
289
17
158
159
0
12
43
85
11
22
0
0
73
7
20
100
32
3
200
1
24
5
0
6
8
0
33
10
0
24
7
0
3
183
0
0
5
15
4
46
37
76
187
91
25
97
2
107
2
60
0
1
0
0
25
0
0
83
0
11
77
58
0
0
76
0
23
1
18
2
4
191
137
22
50
0
207
4
11
1
101
43
82
11
1
0
13
178
13
107
39
0
13
19
18
131
217
65
96
11
11
28
0
16
18
7
15
26
22
10
7
0
3
13
103
12
0
25
23
0
0
63
20
3
32
13
162
0
0
13
33
130
7
8
0
98
0
8
185
13
19
21
16
196
49
76
21
37
194
0
26
4
6
74
120
0
5
1
0
38
59
135
0
72
0
58
3
2
19
92
28
10
6
0
23
40
6
1
14
86
0
3
243
0
41
83
5
0
0
3
230
206
162
1
16
7
73
20
23
11
2
0
1
0
0
5
6
7
165
0
52
44
99
108
4
72
117
231
1
8
0
39
123
75
0
62
52
15
19
0
42
1
41
0
1
0
61
0
25
86
189
60
139
23
53
0
53
5
0
0
6
38
3
1
23
0
30
58
76
32
4
1
20
107
0
1
12
25
48
300
65
93
0
18
59
0
52
17
4
5
1
8
43
123
23
3
53
21
5
11
25
20
125
58
9
49
0
460
75
11
0
13
3
0
22
0
0
55
63
6
0
103
6
35
73
50
57
159
8
64
25
12
19
30
75
8
0
0
0
0
79
68
0
145
0
0
73
13
0
3
0
1
18
118
22
10
70
5
60
3
6
95
138
18
12
69
0
66
61
126
5
2
134
1
4
84
10
84
100
192
