28 5

-58 10

-94 1

-30 9

95 7

-68 2

-15 3

-91 5

31 1

-55 7

-82 9

90 6

-10 7

19 6

28 1

-66 9

5 8

-61 10

-58 2

-73 6

-91 8

12 8

-94 6

-40 8

-1 9

-100 1

10 8

0 5

-51 0

-93 4

-92 9

-7 3

94 3

98 4

-31 3

-25 7

87 7

-75 3

-86 6

40 4

38 4

40 7

-48 0

-32 9

-39 4

26 5

66 10

-99 4

56 2

78 2

0 0

45 10

77 7

-64 6

-75 8

-77 3

30 9

-54 5

-71 7

15 0

-67 8

86 1

-61 4

-39 8

82 3

-73 3

-21 10

-57 4

-81 8

-100 6

-73 5

92 5

69 6

30 7

-84 9

29 5

31 0

9 5

1 7

-72 2

-67 4

3 0

13 9

55 6

66 7

82 7

100 5

-1 8

79 0

-20 2

-31 1

29 2

-55 5

-13 4

-27 2

-95 6

-2 3

-7 5

-86 2

-85 6